0
0
3
7
12
15
19
23
28
31
35
39
43
46
51
54
57
59
63
67
71
74
77
79
83
86
89
91
94
95
99
102
105
107
110
111
115
117
119
121
123
125
127
130
133
135
139
141
143
147
149
151
153
155
157
159
162
164
167
169
171
173
174
175
178
179
181
183
184
186
187
189
189
191
191
193
195
197
198
199
201
202
203
203
204
205
206
206
206
207
207
207
207
207
207
207
207
208
209
209
209
210
208
206
204
203
201
200
199
198
197
196
196
195
195
194
194
194
193
193
193
193
193
193
192
192
192
192
192
192
192
191
189
189
188
187
186
186
185
184
184
183
183
182
182
181
181
181
180
180
180
180
179
179
179
179
178
